Nr,TID,PID,x [micron],y [micron],t [sec],I [val],Len [micron],D2S [micron],D2R [micron],D2P [micron],v [micron/sec],α [deg],Δα [deg]
1,1,1,650.189,530.492,0,96,0,0,NA,NA,NA,NA,NA
2,1,2,658.144,530.492,300.01,51,7.955,7.955,NA,7.955,0.027,0,NA
3,1,3,657.386,525.568,600.02,93,12.937,8.72,NA,4.982,0.017,-98.746,-98.746
4,1,4,650.568,527.083,900.03,144,19.921,3.43,NA,6.985,0.023,167.471,-93.783
5,1,5,653.22,522.538,1200.04,80,25.184,8.512,NA,5.262,0.018,-59.744,132.785
6,1,6,666.098,524.053,1500.05,53,38.151,17.163,NA,12.968,0.043,6.71,66.453
7,1,7,685.795,528.22,1800.06,161,58.284,35.679,NA,20.133,0.067,11.944,5.234
8,1,8,693.371,523.295,2100.07,255,67.319,43.777,NA,9.036,0.03,-33.024,-44.968
9,1,9,696.402,523.295,2400.08,113,70.35,46.769,NA,3.03,0.01,0,33.024
10,1,10,696.402,523.295,2700.09,154,70.35,46.769,NA,0,0,0,0
11,1,11,684.659,520.644,3000.1,208,82.388,35.849,NA,12.038,0.04,-167.276,-167.276
12,1,12,688.826,519.886,3300.11,133,86.623,40.066,NA,4.235,0.014,-10.305,156.971
13,1,13,688.826,519.886,3600.12,204,86.623,40.066,NA,0,0,0,10.305
14,1,14,694.508,519.886,3900.13,175,92.305,45.57,NA,5.682,0.019,0,0
15,1,15,694.508,519.886,4200.14,188,92.305,45.57,NA,0,0,0,0
16,1,16,695.265,515.72,4500.15,217,96.54,47.435,NA,4.235,0.014,-79.695,-79.695
17,1,17,695.265,515.72,4800.16,211,96.54,47.435,NA,0,0,0,79.695
18,1,18,715.341,517.235,5100.17,143,116.672,66.487,NA,20.133,0.067,4.316,4.316
19,1,19,719.508,516.098,5400.18,181,120.991,70.797,NA,4.319,0.014,-15.255,-19.571
20,2,1,571.78,642.992,1800.06,153,0,0,NA,NA,NA,NA,NA
21,2,2,550.568,666.098,2100.07,251,31.366,31.366,NA,31.366,0.105,132.553,NA
22,2,3,539.962,678.22,2400.08,176,47.473,47.47,NA,16.106,0.054,131.186,-1.367
23,2,4,532.386,679.356,2700.09,165,55.133,53.612,NA,7.661,0.026,171.469,40.283
24,2,5,527.462,683.902,3000.1,179,61.835,60.313,NA,6.701,0.022,137.291,-34.179
25,2,6,521.402,690.72,3300.11,179,70.957,69.397,NA,9.122,0.03,131.634,-5.657
26,2,7,502.083,693.75,3600.12,222,90.511,86.221,NA,19.554,0.065,171.085,39.452
27,2,8,502.083,696.023,3900.13,252,92.784,87.578,NA,2.273,0.008,90,-81.085
28,2,9,491.856,704.356,4200.14,192,105.977,100.764,NA,13.192,0.044,140.826,50.826
29,2,10,482.386,700.568,4500.15,255,116.176,106.331,NA,10.199,0.034,-158.199,60.975
30,3,1,613.92,663.068,1800.06,175,0,0,NA,NA,NA,NA,NA
31,3,2,622.443,663.352,2100.07,245,8.527,8.527,NA,8.527,0.028,1.909,NA
32,3,3,614.205,661.08,2400.08,177,17.074,2.009,NA,8.546,0.028,-164.578,-166.487
33,3,4,615.057,663.636,2700.09,168,19.769,1.27,NA,2.695,0.009,71.565,-123.857
34,3,5,615.057,665.057,3000.1,153,21.189,2.29,NA,1.42,0.005,90,18.435
35,3,6,615.057,665.057,3300.11,110,21.189,2.29,NA,0,0,0,-90
36,3,7,615.057,668.182,3600.12,137,24.314,5.238,NA,3.125,0.01,90,90
37,3,8,624.432,669.318,3900.13,187,33.758,12.229,NA,9.444,0.031,6.911,-83.089
38,3,9,629.83,673.864,4200.14,165,40.815,19.226,NA,7.057,0.024,40.101,33.19
39,3,10,631.818,677.273,4500.15,156,44.761,22.849,NA,3.947,0.013,59.744,19.643
40,3,11,631.818,677.273,4800.16,230,44.761,22.849,NA,0,0,0,-59.744
41,3,12,633.523,672.727,5100.17,221,49.616,21.853,NA,4.855,0.016,-69.444,-69.444
42,3,13,633.523,672.727,5400.18,255,49.616,21.853,NA,0,0,0,69.444
43,4,1,665.625,635.511,1800.06,100,0,0,NA,NA,NA,NA,NA
44,4,2,655.682,649.432,2100.07,88,17.107,17.107,NA,17.107,0.057,125.538,NA
45,4,3,654.83,659.943,2400.08,144,27.653,26.711,NA,10.546,0.035,94.635,-30.902
46,4,4,647.727,670.455,2700.09,139,40.339,39.26,NA,12.686,0.042,124.046,29.41
47,4,5,643.466,677.273,3000.1,95,48.379,47.276,NA,8.04,0.027,122.005,-2.041
48,4,6,641.477,681.534,3300.11,94,53.081,51.973,NA,4.703,0.016,115.017,-6.988
49,4,7,632.955,687.784,3600.12,73,63.65,61.642,NA,10.569,0.035,143.746,28.729
50,4,8,622.727,700.568,3900.13,123,80.022,77.927,NA,16.372,0.055,128.66,-15.086
51,4,9,615.341,707.955,4200.14,127,90.468,88.184,NA,10.446,0.035,135,6.34
52,4,10,618.182,705.114,4800.16,89,94.485,84.234,NA,4.018,0.007,-45,-180
53,4,11,605.398,713.068,5100.17,162,109.542,98.196,NA,15.057,0.05,148.109,-166.891
54,4,12,592.614,722.159,5400.18,114,125.229,113.307,NA,15.687,0.052,144.583,-3.526
55,5,1,585.227,663.068,3600.12,250,0,0,NA,NA,NA,NA,NA
56,5,2,573.295,674.432,3900.13,255,16.477,16.477,NA,16.477,0.055,136.397,NA
57,5,3,573.295,684.659,4200.14,246,26.705,24.669,NA,10.227,0.034,90,-46.397
58,5,4,577.273,689.205,4500.15,255,32.744,27.32,NA,6.04,0.02,48.814,-41.186
59,5,5,577.273,689.205,4800.16,255,32.744,27.32,NA,0,0,0,-48.814
60,5,6,576.705,693.182,5100.17,255,36.762,31.296,NA,4.018,0.013,98.13,98.13
61,5,7,579.545,693.75,5400.18,255,39.659,31.203,NA,2.897,0.01,11.31,-86.82
62,6,1,572.727,613.068,3900.13,169,0,0,NA,NA,NA,NA,NA
63,6,2,575,619.318,4200.14,76,6.65,6.65,NA,6.65,0.022,70.017,NA
64,6,3,566.477,625,4500.15,158,16.893,13.47,NA,10.243,0.034,146.31,76.293
65,6,4,562.5,625.568,4800.16,154,20.911,16.151,NA,4.018,0.013,171.87,25.56
66,6,5,562.5,630.682,5100.17,105,26.025,20.368,NA,5.114,0.017,90,-81.87
67,6,6,559.659,619.318,5400.18,124,37.738,14.486,NA,11.713,0.039,-104.036,165.964
68,6,7,564.205,622.159,5700.19,147,43.098,12.461,NA,5.36,0.018,32.005,136.042
69,6,8,564.205,623.864,6000.2,77,44.803,13.754,NA,1.705,0.006,90,57.995
70,6,9,564.205,623.864,6300.21,154,44.803,13.754,NA,0,0,0,-90
71,6,10,564.205,623.864,6600.22,183,44.803,13.754,NA,0,0,0,0
72,6,11,568.182,623.864,6900.23,108,48.78,11.713,NA,3.977,0.013,0,0
73,6,12,569.886,614.773,7200.24,154,58.029,3.313,NA,9.249,0.031,-79.38,-79.38
74,6,13,571.023,626.705,7500.25,209,70.015,13.742,NA,11.986,0.04,84.56,163.94
75,6,14,570.455,622.727,7800.26,127,74.033,9.923,NA,4.018,0.013,-98.13,177.31
76,6,15,570.455,622.727,8100.27,159,74.033,9.923,NA,0,0,0,98.13
77,6,16,570.455,622.727,8400.28,185,74.033,9.923,NA,0,0,0,0
